// auto-generated code by Ben Correll's 3D Model Converter

#include <stdlib.h>

#ifndef MODEL_H
#define MODEL_H

/*--------------------------------------------------NODES--------------------------------------------------*/
int nodeCount = 212;
int* nodeNameLengths;
const char** nodeNames;
float** nodeTransformations;
int* nodeParentIndices;
int* nodeChildCounts;
int** nodeChildIndices;
int* nodeMeshCounts;
int** nodeMeshIndices;

const char* node0Name = "RootNode";
float node0Transformation[16] = {1.000000f, 0.000000f, 0.000000f, 0.000000f, 0.000000f, 1.000000f, 0.000000f, 0.000000f, 0.000000f, 0.000000f, 1.000000f, 0.000000f, 0.000000f, 0.000000f, 0.000000f, 1.000000f};
int node0ChildIndices[30] = {1, 74, 184, 185, 186, 187, 188, 189, 190, 191, 192, 193, 194, 195, 196, 197, 198, 199, 200, 201, 202, 203, 204, 205, 206, 207, 208, 209, 210, 211, };

const char* node1Name = "000_object_0056AF50";
float node1Transformation[16] = {100.000000f, 0.000000f, 0.000000f, 0.000000f, 0.000000f, -0.000016f, 100.000000f, 0.000000f, 0.000000f, -100.000000f, -0.000016f, 0.000000f, 0.000000f, 0.000000f, 0.000000f, 1.000000f};
int node1ChildIndices[1] = {2, };

const char* node2Name = "001_object_0056AF1C";
float node2Transformation[16] = {1.000000f, 0.000000f, 0.000000f, 0.000000f, 0.000000f, 1.000000f, 0.000000f, 0.000000f, 0.000000f, 0.000000f, 1.000000f, 0.000000f, 0.000000f, 0.000000f, 0.000000f, 1.000000f};
int node2ChildIndices[12] = {3, 4, 7, 8, 11, 12, 25, 36, 47, 57, 67, 71, };

const char* node3Name = "002_object_0056AEE8";
float node3Transformation[16] = {1.000000f, 0.000000f, 0.000000f, 2.007576f, 0.000000f, 1.000000f, 0.000000f, 0.000000f, 0.000000f, 0.000000f, 1.000000f, 0.000000f, 0.000000f, 0.000000f, 0.000000f, 1.000000f};

const char* node4Name = "003_object_0056AEB4";
float node4Transformation[16] = {1.000000f, 0.000000f, 0.000000f, -3.377318f, 0.000000f, 1.000000f, 0.000000f, 0.000000f, 0.000000f, 0.000000f, 1.000000f, 0.375068f, 0.000000f, 0.000000f, 0.000000f, 1.000000f};
int node4ChildIndices[2] = {5, 6, };

const char* node5Name = "004_object_0056AE80";
float node5Transformation[16] = {-1.000000f, 0.000000f, 0.000000f, 0.163401f, 0.000000f, 1.000000f, 0.000000f, -0.861181f, -0.000000f, 0.000000f, -1.000000f, 0.990367f, 0.000000f, 0.000000f, 0.000000f, 1.000000f};

const char* node6Name = "005_object_0056AE4C";
float node6Transformation[16] = {-1.000000f, 0.000000f, 0.000000f, 0.163245f, 0.000000f, 1.000000f, 0.000000f, 0.774388f, -0.000000f, 0.000000f, -1.000000f, 0.990753f, 0.000000f, 0.000000f, 0.000000f, 1.000000f};

const char* node7Name = "006_object_0056AE18";
float node7Transformation[16] = {1.000000f, 0.000000f, 0.000000f, 2.788043f, 0.000000f, 1.000000f, 0.000000f, 0.000000f, 0.000000f, 0.000000f, 1.000000f, -2.485759f, 0.000000f, 0.000000f, 0.000000f, 1.000000f};

const char* node8Name = "007_object_0056ADE4";
float node8Transformation[16] = {1.000000f, 0.000000f, 0.000000f, -0.006634f, 0.000000f, 1.000000f, 0.000000f, 1.883338f, 0.000000f, 0.000000f, 1.000000f, -1.443185f, 0.000000f, 0.000000f, 0.000000f, 1.000000f};
int node8ChildIndices[1] = {9, };

const char* node9Name = "008_object_0056ADB0";
float node9Transformation[16] = {1.000000f, 0.000000f, 0.000000f, 0.000000f, 0.000000f, 1.000000f, 0.000000f, 0.000000f, 0.000000f, 0.000000f, 1.000000f, -0.528921f, 0.000000f, 0.000000f, 0.000000f, 1.000000f};
int node9ChildIndices[1] = {10, };

const char* node10Name = "009_object_0056AD7C";
float node10Transformation[16] = {1.000000f, 0.000000f, 0.000000f, 0.000000f, 0.000000f, 1.000000f, 0.000000f, 0.000000f, 0.000000f, 0.000000f, 1.000000f, -0.546144f, 0.000000f, 0.000000f, 0.000000f, 1.000000f};

const char* node11Name = "010_object_0056AD48";
float node11Transformation[16] = {1.000000f, 0.000000f, 0.000000f, -0.037740f, 0.000000f, 1.000000f, 0.000000f, 0.000000f, 0.000000f, 0.000000f, 1.000000f, 0.000000f, 0.000000f, 0.000000f, 0.000000f, 1.000000f};
int node11MeshIndices[2] = {0, 1, };

const char* node12Name = "011_object_00569E20";
float node12Transformation[16] = {1.000000f, 0.000000f, 0.000000f, 0.242948f, 0.000000f, 1.000000f, 0.000000f, 0.000000f, 0.000000f, 0.000000f, 1.000000f, 0.797976f, 0.000000f, 0.000000f, 0.000000f, 1.000000f};
int node12ChildIndices[1] = {13, };

const char* node13Name = "012_object_00569DEC";
float node13Transformation[16] = {-0.993256f, 0.000000f, 0.115938f, 0.000000f, 0.000000f, 1.000000f, 0.000000f, 0.000000f, -0.115938f, 0.000000f, -0.993256f, 0.000000f, 0.000000f, 0.000000f, 0.000000f, 1.000000f};
int node13ChildIndices[4] = {14, 15, 19, 23, };

const char* node14Name = "013_object_00569DB8";
float node14Transformation[16] = {1.000000f, 0.000000f, 0.000000f, 2.046586f, 0.000000f, 1.000000f, 0.000000f, 0.000000f, 0.000000f, 0.000000f, 1.000000f, 0.000000f, 0.000000f, 0.000000f, 0.000000f, 1.000000f};

const char* node15Name = "014_object_00569D84";
float node15Transformation[16] = {-1.000000f, 0.000000f, -0.000479f, 0.853333f, 0.000000f, 1.000000f, 0.000000f, 0.057000f, 0.000479f, 0.000000f, -1.000000f, -1.615531f, 0.000000f, 0.000000f, 0.000000f, 1.000000f};
int node15ChildIndices[1] = {16, };

const char* node16Name = "015_object_00569D50";
float node16Transformation[16] = {-0.932726f, 0.257543f, 0.252375f, 0.000000f, 0.266158f, 0.963929f, -0.000000f, 0.000000f, -0.243272f, 0.067172f, -0.967629f, 0.000000f, 0.000000f, 0.000000f, 0.000000f, 1.000000f};
int node16ChildIndices[2] = {17, 18, };

const char* node17Name = "016_object_00569D1C";
float node17Transformation[16] = {1.000000f, 0.000000f, 0.000000f, 1.669569f, 0.000000f, 1.000000f, 0.000000f, -0.000000f, 0.000000f, 0.000000f, 1.000000f, -0.000000f, 0.000000f, 0.000000f, 0.000000f, 1.000000f};

const char* node18Name = "017_object_00569CE8";
float node18Transformation[16] = {0.999869f, 0.011497f, 0.011419f, -0.110204f, -0.011458f, 0.999928f, -0.003451f, -0.028694f, -0.011458f, 0.003320f, 0.999929f, -0.069062f, 0.000000f, 0.000000f, 0.000000f, 1.000000f};
int node18MeshIndices[1] = {2, };

const char* node19Name = "018_object_0056998C";
float node19Transformation[16] = {-1.000000f, 0.000000f, -0.000479f, 0.853333f, 0.000000f, 1.000000f, 0.000000f, -0.057000f, 0.000479f, 0.000000f, -1.000000f, -1.615531f, 0.000000f, 0.000000f, 0.000000f, 1.000000f};
int node19ChildIndices[1] = {20, };

const char* node20Name = "019_object_00569958";
float node20Transformation[16] = {-0.926472f, -0.279206f, 0.252375f, 0.000000f, -0.288547f, 0.957466f, 0.000000f, 0.000000f, -0.241641f, -0.072822f, -0.967629f, 0.000000f, 0.000000f, 0.000000f, 0.000000f, 1.000000f};
int node20ChildIndices[2] = {21, 22, };

const char* node21Name = "020_object_00569924";
float node21Transformation[16] = {1.000000f, 0.000000f, 0.000000f, 1.669569f, 0.000000f, 1.000000f, 0.000000f, -0.000000f, 0.000000f, 0.000000f, 1.000000f, 0.000000f, 0.000000f, 0.000000f, 0.000000f, 1.000000f};

const char* node22Name = "021_object_005698F0";
float node22Transformation[16] = {0.999763f, -0.018631f, 0.011246f, -0.111046f, 0.018503f, 0.999763f, 0.011456f, 0.025286f, -0.011456f, -0.011246f, 0.999871f, -0.069046f, 0.000000f, 0.000000f, 0.000000f, 1.000000f};
int node22MeshIndices[1] = {3, };

const char* node23Name = "022_object_00569594";
float node23Transformation[16] = {0.999998f, 0.000000f, -0.002013f, 0.096738f, 0.000000f, 1.000000f, 0.000000f, 0.000000f, 0.002013f, 0.000000f, 0.999998f, 0.176359f, 0.000000f, 0.000000f, 0.000000f, 1.000000f};
int node23ChildIndices[1] = {24, };
int node23MeshIndices[3] = {4, 5, 6, };

const char* node24Name = "023_object_00565C34";
float node24Transformation[16] = {1.000000f, 0.000000f, 0.000000f, 0.000000f, 0.000000f, 1.000000f, 0.000000f, 0.000000f, 0.000000f, 0.000000f, 1.000000f, -0.180334f, 0.000000f, 0.000000f, 0.000000f, 1.000000f};
int node24MeshIndices[1] = {7, };

const char* node25Name = "024_object_005655F0";
float node25Transformation[16] = {1.000000f, 0.000000f, 0.000000f, -0.006634f, 0.000000f, 1.000000f, 0.000000f, 0.727404f, 0.000000f, 0.000000f, 1.000000f, 0.560127f, 0.000000f, 0.000000f, 0.000000f, 1.000000f};
int node25ChildIndices[1] = {26, };

const char* node26Name = "025_object_005655BC";
float node26Transformation[16] = {-0.002739f, 0.001580f, 0.999995f, 0.000000f, 0.499723f, 0.866185f, -0.000000f, 0.000000f, -0.866181f, 0.499721f, -0.003162f, 0.000000f, 0.000000f, 0.000000f, 0.000000f, 1.000000f};
int node26ChildIndices[2] = {27, 35, };

const char* node27Name = "026_object_00565588";
float node27Transformation[16] = {0.990704f, 0.136036f, 0.000000f, 0.789624f, -0.136036f, 0.990704f, 0.000000f, 0.000001f, 0.000000f, 0.000000f, 1.000000f, 0.000000f, 0.000000f, 0.000000f, 0.000000f, 1.000000f};
int node27ChildIndices[2] = {28, 34, };

const char* node28Name = "027_object_00565554";
float node28Transformation[16] = {0.994471f, 0.105015f, 0.000000f, 0.784034f, -0.105015f, 0.994471f, 0.000000f, 0.000000f, 0.000000f, 0.000000f, 1.000000f, 0.000000f, 0.000000f, 0.000000f, 0.000000f, 1.000000f};
int node28ChildIndices[3] = {29, 30, 31, };

const char* node29Name = "028_object_00565520";
float node29Transformation[16] = {1.000000f, 0.000000f, 0.000000f, 0.809564f, 0.000000f, 1.000000f, 0.000000f, 0.000000f, 0.000000f, 0.000000f, 1.000000f, 0.000000f, 0.000000f, 0.000000f, 0.000000f, 1.000000f};

const char* node30Name = "029_object_005654EC";
float node30Transformation[16] = {0.997266f, 0.073891f, 0.000000f, -0.004571f, -0.073891f, 0.997266f, 0.000000f, 0.004304f, 0.000000f, 0.000000f, 1.000000f, 0.000000f, 0.000000f, 0.000000f, 0.000000f, 1.000000f};
int node30MeshIndices[3] = {8, 9, 10, };

const char* node31Name = "030_object_00564CD0";
float node31Transformation[16] = {0.997266f, 0.073891f, 0.000000f, 0.803192f, -0.073891f, 0.997266f, 0.000000f, -0.049674f, 0.000000f, 0.000000f, 1.000000f, 0.000000f, 0.000000f, 0.000000f, 0.000000f, 1.000000f};
int node31ChildIndices[2] = {32, 33, };
int node31MeshIndices[1] = {11, };

const char* node32Name = "031_object_00564A78";
float node32Transformation[16] = {1.000000f, 0.000000f, 0.000000f, 0.648491f, 0.000000f, 1.000000f, 0.000000f, 0.005228f, 0.000000f, 0.000000f, 1.000000f, -0.301480f, 0.000000f, 0.000000f, 0.000000f, 1.000000f};
int node32MeshIndices[1] = {12, };

const char* node33Name = "032_object_005647B8";
float node33Transformation[16] = {1.000000f, 0.000000f, 0.000000f, 1.033778f, 0.000000f, 1.000000f, 0.000000f, 0.161808f, 0.000000f, 0.000000f, 1.000000f, 0.033784f, 0.000000f, 0.000000f, 0.000000f, 1.000000f};
int node33MeshIndices[1] = {13, };

const char* node34Name = "033_object_00563D0C";
float node34Transformation[16] = {1.000000f, 0.000000f, 0.000000f, 0.000000f, 0.000000f, 1.000000f, 0.000000f, 0.000000f, 0.000000f, 0.000000f, 1.000000f, 0.000000f, 0.000000f, 0.000000f, 0.000000f, 1.000000f};
int node34MeshIndices[1] = {14, };

const char* node35Name = "034_object_00563B7C";
float node35Transformation[16] = {1.000000f, 0.000000f, 0.000000f, 0.000000f, 0.000000f, 1.000000f, 0.000000f, 0.000000f, 0.000000f, 0.000000f, 1.000000f, 0.000000f, 0.000000f, 0.000000f, 0.000000f, 1.000000f};
int node35MeshIndices[1] = {15, };

const char* node36Name = "035_object_005639D0";
float node36Transformation[16] = {1.000000f, 0.000000f, 0.000000f, -0.006634f, 0.000000f, 1.000000f, 0.000000f, -0.727404f, 0.000000f, 0.000000f, 1.000000f, 0.560127f, 0.000000f, 0.000000f, 0.000000f, 1.000000f};
int node36ChildIndices[1] = {37, };

const char* node37Name = "036_object_0056399C";
float node37Transformation[16] = {-0.002708f, -0.001633f, 0.999995f, 0.000000f, -0.516457f, 0.856313f, -0.000000f, 0.000000f, -0.856309f, -0.516455f, -0.003162f, 0.000000f, 0.000000f, 0.000000f, 0.000000f, 1.000000f};
int node37ChildIndices[2] = {38, 46, };

const char* node38Name = "037_object_00563968";
float node38Transformation[16] = {0.981891f, -0.189445f, 0.000000f, 0.789624f, 0.189445f, 0.981891f, 0.000000f, -0.000000f, 0.000000f, 0.000000f, 1.000000f, 0.000000f, 0.000000f, 0.000000f, 0.000000f, 1.000000f};
int node38ChildIndices[2] = {39, 45, };

const char* node39Name = "038_object_00563934";
float node39Transformation[16] = {0.987041f, -0.160467f, 0.000000f, 0.784034f, 0.160467f, 0.987041f, 0.000000f, 0.000000f, 0.000000f, 0.000000f, 1.000000f, 0.000000f, 0.000000f, 0.000000f, 0.000000f, 1.000000f};
int node39ChildIndices[3] = {40, 41, 42, };

const char* node40Name = "039_object_00563900";
float node40Transformation[16] = {1.000000f, 0.000000f, 0.000000f, 0.809565f, 0.000000f, 1.000000f, 0.000000f, 0.000000f, 0.000000f, 0.000000f, 1.000000f, 0.000000f, 0.000000f, 0.000000f, 0.000000f, 1.000000f};

const char* node41Name = "040_object_005638CC";
float node41Transformation[16] = {1.000000f, 0.000000f, 0.000000f, 0.000000f, 0.000000f, 1.000000f, 0.000000f, 0.000000f, 0.000000f, 0.000000f, 1.000000f, 0.000000f, 0.000000f, 0.000000f, 0.000000f, 1.000000f};
int node41MeshIndices[3] = {16, 17, 18, };

const char* node42Name = "041_object_005630B0";
float node42Transformation[16] = {1.000000f, 0.000000f, 0.000000f, 0.809565f, 0.000000f, 1.000000f, 0.000000f, 0.000000f, 0.000000f, 0.000000f, 1.000000f, 0.000000f, 0.000000f, 0.000000f, 0.000000f, 1.000000f};
int node42ChildIndices[2] = {43, 44, };
int node42MeshIndices[1] = {19, };

const char* node43Name = "042_object_00562E58";
float node43Transformation[16] = {1.000000f, 0.000000f, 0.000000f, 0.648491f, 0.000000f, 1.000000f, 0.000000f, -0.005228f, 0.000000f, 0.000000f, 1.000000f, -0.301480f, 0.000000f, 0.000000f, 0.000000f, 1.000000f};
int node43MeshIndices[1] = {20, };

const char* node44Name = "043_object_00562B80";
float node44Transformation[16] = {1.000000f, 0.000000f, 0.000000f, 1.033778f, 0.000000f, 1.000000f, 0.000000f, -0.161808f, 0.000000f, 0.000000f, 1.000000f, 0.033784f, 0.000000f, 0.000000f, 0.000000f, 1.000000f};
int node44MeshIndices[1] = {21, };

const char* node45Name = "044_object_005620A4";
float node45Transformation[16] = {1.000000f, 0.000000f, 0.000000f, 0.000000f, 0.000000f, 1.000000f, 0.000000f, 0.000000f, 0.000000f, 0.000000f, 1.000000f, 0.000000f, 0.000000f, 0.000000f, 0.000000f, 1.000000f};
int node45MeshIndices[1] = {22, };

const char* node46Name = "045_object_00561F14";
float node46Transformation[16] = {1.000000f, 0.000000f, 0.000000f, 0.000000f, 0.000000f, 1.000000f, 0.000000f, 0.000000f, 0.000000f, 0.000000f, 1.000000f, 0.000000f, 0.000000f, 0.000000f, 0.000000f, 1.000000f};
int node46MeshIndices[1] = {23, };

const char* node47Name = "046_object_00561D6C";
float node47Transformation[16] = {1.000000f, 0.000000f, 0.000000f, 0.000000f, 0.000000f, 1.000000f, 0.000000f, 0.390168f, 0.000000f, 0.000000f, 1.000000f, -0.606928f, 0.000000f, 0.000000f, 0.000000f, 1.000000f};
int node47ChildIndices[1] = {48, };

const char* node48Name = "047_object_00561D38";
float node48Transformation[16] = {-0.003162f, 0.000000f, 0.999995f, 0.000000f, 0.000000f, 1.000000f, 0.000000f, 0.000000f, -0.999995f, 0.000000f, -0.003162f, 0.000000f, 0.000000f, 0.000000f, 0.000000f, 1.000000f};
int node48ChildIndices[2] = {49, 56, };

const char* node49Name = "048_object_00561D04";
float node49Transformation[16] = {1.000000f, 0.000000f, 0.000000f, 1.251968f, 0.000000f, 1.000000f, 0.000000f, 0.000000f, 0.000000f, 0.000000f, 1.000000f, 0.000000f, 0.000000f, 0.000000f, 0.000000f, 1.000000f};
int node49ChildIndices[2] = {50, 55, };

const char* node50Name = "049_object_00561CD0";
float node50Transformation[16] = {1.000000f, 0.000000f, 0.000000f, 0.770377f, 0.000000f, 1.000000f, 0.000000f, 0.000000f, 0.000000f, 0.000000f, 1.000000f, 0.000000f, 0.000000f, 0.000000f, 0.000000f, 1.000000f};
int node50ChildIndices[3] = {51, 52, 53, };

const char* node51Name = "050_object_00561C9C";
float node51Transformation[16] = {1.000000f, 0.000000f, 0.000000f, 1.295359f, 0.000000f, 1.000000f, 0.000000f, 0.000000f, 0.000000f, 0.000000f, 1.000000f, -0.000000f, 0.000000f, 0.000000f, 0.000000f, 1.000000f};

const char* node52Name = "051_object_00561C68";
float node52Transformation[16] = {1.000000f, 0.000000f, 0.000000f, 0.000000f, 0.000000f, 1.000000f, 0.000000f, 0.000000f, 0.000000f, 0.000000f, 1.000000f, 0.000000f, 0.000000f, 0.000000f, 0.000000f, 1.000000f};
int node52MeshIndices[3] = {24, 25, 26, };

const char* node53Name = "052_object_005613F8";
float node53Transformation[16] = {1.000000f, 0.000000f, 0.000000f, 1.391018f, 0.000000f, 1.000000f, 0.000000f, 0.172312f, 0.000000f, 0.000000f, 1.000000f, 0.085991f, 0.000000f, 0.000000f, 0.000000f, 1.000000f};
int node53ChildIndices[1] = {54, };
int node53MeshIndices[1] = {27, };

const char* node54Name = "053_object_00560DD0";
float node54Transformation[16] = {1.000000f, 0.000000f, 0.000000f, 0.832894f, 0.000000f, 1.000000f, 0.000000f, -0.153083f, 0.000000f, 0.000000f, 1.000000f, -0.799462f, 0.000000f, 0.000000f, 0.000000f, 1.000000f};
int node54MeshIndices[2] = {28, 29, };

const char* node55Name = "054_object_005605DC";
float node55Transformation[16] = {1.000000f, 0.000000f, 0.000000f, 0.000000f, 0.000000f, 1.000000f, 0.000000f, 0.000000f, 0.000000f, 0.000000f, 1.000000f, 0.000000f, 0.000000f, 0.000000f, 0.000000f, 1.000000f};
int node55MeshIndices[1] = {30, };

const char* node56Name = "055_object_0056044C";
float node56Transformation[16] = {1.000000f, 0.000000f, 0.000000f, 0.000000f, 0.000000f, 1.000000f, 0.000000f, 0.000000f, 0.000000f, 0.000000f, 1.000000f, 0.000000f, 0.000000f, 0.000000f, 0.000000f, 1.000000f};
int node56MeshIndices[1] = {31, };

const char* node57Name = "056_object_005602BC";
float node57Transformation[16] = {1.000000f, 0.000000f, 0.000000f, 0.000000f, 0.000000f, 1.000000f, 0.000000f, -0.390168f, 0.000000f, 0.000000f, 1.000000f, -0.606928f, 0.000000f, 0.000000f, 0.000000f, 1.000000f};
int node57ChildIndices[1] = {58, };

const char* node58Name = "057_object_00560288";
float node58Transformation[16] = {-0.003162f, 0.000000f, 0.999995f, 0.000000f, 0.000000f, 1.000000f, 0.000000f, 0.000000f, -0.999995f, 0.000000f, -0.003162f, 0.000000f, 0.000000f, 0.000000f, 0.000000f, 1.000000f};
int node58ChildIndices[2] = {59, 66, };

const char* node59Name = "058_object_00560254";
float node59Transformation[16] = {1.000000f, 0.000000f, 0.000000f, 1.251968f, 0.000000f, 1.000000f, 0.000000f, -0.000000f, 0.000000f, 0.000000f, 1.000000f, 0.000000f, 0.000000f, 0.000000f, 0.000000f, 1.000000f};
int node59ChildIndices[2] = {60, 65, };

const char* node60Name = "059_object_00560220";
float node60Transformation[16] = {1.000000f, 0.000000f, 0.000000f, 0.770377f, 0.000000f, 1.000000f, 0.000000f, -0.000000f, 0.000000f, 0.000000f, 1.000000f, 0.000000f, 0.000000f, 0.000000f, 0.000000f, 1.000000f};
int node60ChildIndices[3] = {61, 62, 63, };

const char* node61Name = "060_object_005601EC";
float node61Transformation[16] = {1.000000f, 0.000000f, 0.000000f, 1.295359f, 0.000000f, 1.000000f, 0.000000f, -0.000000f, 0.000000f, 0.000000f, 1.000000f, -0.000000f, 0.000000f, 0.000000f, 0.000000f, 1.000000f};

const char* node62Name = "061_object_005601B8";
float node62Transformation[16] = {1.000000f, 0.000000f, 0.000000f, 0.000000f, 0.000000f, 1.000000f, 0.000000f, 0.000000f, 0.000000f, 0.000000f, 1.000000f, 0.000000f, 0.000000f, 0.000000f, 0.000000f, 1.000000f};
int node62MeshIndices[3] = {32, 33, 34, };

const char* node63Name = "062_object_0055F948";
float node63Transformation[16] = {1.000000f, 0.000000f, 0.000000f, 1.391017f, 0.000000f, 1.000000f, 0.000000f, -0.172311f, 0.000000f, 0.000000f, 1.000000f, 0.085990f, 0.000000f, 0.000000f, 0.000000f, 1.000000f};
int node63ChildIndices[1] = {64, };
int node63MeshIndices[1] = {35, };

const char* node64Name = "063_object_0055F330";
float node64Transformation[16] = {1.000000f, 0.000000f, 0.000000f, 0.832894f, 0.000000f, 1.000000f, 0.000000f, 0.153083f, 0.000000f, 0.000000f, 1.000000f, -0.799462f, 0.000000f, 0.000000f, 0.000000f, 1.000000f};
int node64MeshIndices[2] = {36, 37, };

const char* node65Name = "064_object_0055EB2C";
float node65Transformation[16] = {1.000000f, 0.000000f, 0.000000f, 0.000000f, 0.000000f, 1.000000f, 0.000000f, 0.000000f, 0.000000f, 0.000000f, 1.000000f, 0.000000f, 0.000000f, 0.000000f, 0.000000f, 1.000000f};
int node65MeshIndices[1] = {38, };

const char* node66Name = "065_object_0055E99C";
float node66Transformation[16] = {1.000000f, 0.000000f, 0.000000f, 0.000000f, 0.000000f, 1.000000f, 0.000000f, 0.000000f, 0.000000f, 0.000000f, 1.000000f, 0.000000f, 0.000000f, 0.000000f, 0.000000f, 1.000000f};
int node66MeshIndices[1] = {39, };

const char* node67Name = "066_object_0055E808";
float node67Transformation[16] = {1.000000f, 0.000000f, 0.000000f, 0.400189f, 0.000000f, 1.000000f, 0.000000f, 0.000000f, 0.000000f, 0.000000f, 1.000000f, -0.605755f, 0.000000f, 0.000000f, 0.000000f, 1.000000f};
int node67ChildIndices[1] = {68, };

const char* node68Name = "067_object_0055E7D4";
float node68Transformation[16] = {0.785242f, 0.000000f, 0.619188f, 0.000000f, 0.000000f, 1.000000f, 0.000000f, 0.000000f, -0.619188f, 0.000000f, 0.785242f, 0.000000f, 0.000000f, 0.000000f, 0.000000f, 1.000000f};
int node68ChildIndices[2] = {69, 70, };

const char* node69Name = "068_object_0055E7A0";
float node69Transformation[16] = {1.000000f, 0.000000f, 0.000000f, 1.291891f, 0.000000f, 1.000000f, 0.000000f, 0.000000f, 0.000000f, 0.000000f, 1.000000f, -0.000001f, 0.000000f, 0.000000f, 0.000000f, 1.000000f};

const char* node70Name = "069_object_0055E76C";
float node70Transformation[16] = {1.000000f, 0.000000f, 0.000000f, 0.000000f, 0.000000f, 1.000000f, 0.000000f, 0.000000f, 0.000000f, 0.000000f, 1.000000f, 0.000000f, 0.000000f, 0.000000f, 0.000000f, 1.000000f};
int node70MeshIndices[1] = {40, };

const char* node71Name = "070_object_0055E568";
float node71Transformation[16] = {1.000000f, 0.000000f, 0.000000f, -0.006634f, 0.000000f, 1.000000f, 0.000000f, -1.669077f, 0.000000f, 0.000000f, 1.000000f, -0.957049f, 0.000000f, 0.000000f, 0.000000f, 1.000000f};
int node71ChildIndices[1] = {72, };

const char* node72Name = "071_object_0055E534";
float node72Transformation[16] = {1.000000f, 0.000000f, 0.000000f, 0.000000f, 0.000000f, 1.000000f, 0.000000f, 0.000000f, 0.000000f, 0.000000f, 1.000000f, -0.528922f, 0.000000f, 0.000000f, 0.000000f, 1.000000f};
int node72ChildIndices[1] = {73, };

const char* node73Name = "072_object_0055E500";
float node73Transformation[16] = {1.000000f, 0.000000f, 0.000000f, 0.000000f, 0.000000f, 1.000000f, 0.000000f, 0.000000f, 0.000000f, 0.000000f, 1.000000f, -0.546144f, 0.000000f, 0.000000f, 0.000000f, 1.000000f};

const char* node74Name = "ARM_000_object_0056AF50";
float node74Transformation[16] = {100.000000f, 0.000000f, 0.000000f, 0.000000f, 0.000000f, -0.000016f, 100.000000f, -96.620003f, 0.000000f, -100.000000f, -0.000016f, 0.000000f, 0.000000f, 0.000000f, 0.000000f, 1.000000f};
int node74ChildIndices[1] = {75, };

const char* node75Name = "001_object_0056AF1C001";
float node75Transformation[16] = {0.724511f, 0.000000f, -0.689263f, 0.000000f, 0.000000f, 1.000000f, 0.000000f, 0.000000f, 0.689263f, 0.000000f, 0.724511f, 0.000000f, 0.000000f, 0.000000f, 0.000000f, 1.000000f};
int node75ChildIndices[12] = {76, 78, 83, 85, 89, 91, 110, 127, 144, 159, 174, 180, };

const char* node76Name = "002_object_0056AEE8001";
float node76Transformation[16] = {1.000000f, 0.000000f, 0.000000f, 2.007576f, 0.000000f, 1.000000f, 0.000000f, 0.000000f, 0.000000f, 0.000000f, 1.000000f, 0.000000f, 0.000000f, 0.000000f, 0.000000f, 1.000000f};
int node76ChildIndices[1] = {77, };

const char* node77Name = "002_object_0056AEE8_end";
float node77Transformation[16] = {1.000000f, 0.000000f, 0.000000f, 0.000000f, 0.000000f, 1.000000f, 0.000000f, 1.000000f, 0.000000f, 0.000000f, 1.000000f, 0.000000f, 0.000000f, 0.000000f, 0.000000f, 1.000000f};

const char* node78Name = "003_object_0056AEB4001";
float node78Transformation[16] = {1.000000f, 0.000000f, 0.000000f, -3.377317f, 0.000000f, 1.000000f, 0.000000f, 0.000000f, 0.000000f, 0.000000f, 1.000000f, 0.375068f, 0.000000f, 0.000000f, 0.000000f, 1.000000f};
int node78ChildIndices[2] = {79, 81, };

const char* node79Name = "004_object_0056AE80001";
float node79Transformation[16] = {-1.000000f, 0.000000f, 0.000000f, 0.163401f, 0.000000f, 1.000000f, 0.000000f, -0.861181f, -0.000000f, 0.000000f, -1.000000f, 0.990367f, 0.000000f, 0.000000f, 0.000000f, 1.000000f};
int node79ChildIndices[1] = {80, };

const char* node80Name = "004_object_0056AE80_end";
float node80Transformation[16] = {1.000000f, 0.000000f, 0.000000f, 0.000000f, 0.000000f, 1.000000f, 0.000000f, 1.000000f, 0.000000f, 0.000000f, 1.000000f, 0.000000f, 0.000000f, 0.000000f, 0.000000f, 1.000000f};

const char* node81Name = "005_object_0056AE4C001";
float node81Transformation[16] = {-1.000000f, 0.000000f, 0.000000f, 0.163245f, 0.000000f, 1.000000f, 0.000000f, 0.774388f, -0.000000f, 0.000000f, -1.000000f, 0.990753f, 0.000000f, 0.000000f, 0.000000f, 1.000000f};
int node81ChildIndices[1] = {82, };

const char* node82Name = "005_object_0056AE4C_end";
float node82Transformation[16] = {1.000000f, 0.000000f, 0.000000f, 0.000000f, 0.000000f, 1.000000f, 0.000000f, 1.000000f, 0.000000f, 0.000000f, 1.000000f, 0.000000f, 0.000000f, 0.000000f, 0.000000f, 1.000000f};

const char* node83Name = "006_object_0056AE18001";
float node83Transformation[16] = {1.000000f, 0.000000f, 0.000000f, 2.788043f, 0.000000f, 1.000000f, 0.000000f, 0.000000f, 0.000000f, 0.000000f, 1.000000f, -2.485759f, 0.000000f, 0.000000f, 0.000000f, 1.000000f};
int node83ChildIndices[1] = {84, };

const char* node84Name = "006_object_0056AE18_end";
float node84Transformation[16] = {1.000000f, 0.000000f, 0.000000f, 0.000000f, 0.000000f, 1.000000f, 0.000000f, 1.000000f, 0.000000f, 0.000000f, 1.000000f, 0.000000f, 0.000000f, 0.000000f, 0.000000f, 1.000000f};

const char* node85Name = "007_object_0056ADE4001";
float node85Transformation[16] = {1.000000f, 0.000000f, 0.000000f, -0.006634f, 0.000000f, 1.000000f, 0.000000f, 1.883338f, 0.000000f, 0.000000f, 1.000000f, -1.443185f, 0.000000f, 0.000000f, 0.000000f, 1.000000f};
int node85ChildIndices[1] = {86, };

const char* node86Name = "008_object_0056ADB0001";
float node86Transformation[16] = {1.000000f, 0.000000f, 0.000000f, 0.000000f, 0.000000f, 1.000000f, 0.000000f, 0.000000f, 0.000000f, 0.000000f, 1.000000f, -0.528921f, 0.000000f, 0.000000f, 0.000000f, 1.000000f};
int node86ChildIndices[1] = {87, };

const char* node87Name = "009_object_0056AD7C001";
float node87Transformation[16] = {1.000000f, 0.000000f, 0.000000f, 0.000000f, 0.000000f, 1.000000f, 0.000000f, 0.000000f, 0.000000f, 0.000000f, 1.000000f, -0.546144f, 0.000000f, 0.000000f, 0.000000f, 1.000000f};
int node87ChildIndices[1] = {88, };

const char* node88Name = "009_object_0056AD7C_end";
float node88Transformation[16] = {1.000000f, 0.000000f, 0.000000f, 0.000000f, 0.000000f, 1.000000f, 0.000000f, 1.000000f, 0.000000f, 0.000000f, 1.000000f, 0.000000f, 0.000000f, 0.000000f, 0.000000f, 1.000000f};

const char* node89Name = "010_object_0056AD48001";
float node89Transformation[16] = {1.000000f, 0.000000f, 0.000000f, -0.037740f, 0.000000f, 1.000000f, 0.000000f, 0.000000f, 0.000000f, 0.000000f, 1.000000f, -0.000000f, 0.000000f, 0.000000f, 0.000000f, 1.000000f};
int node89ChildIndices[1] = {90, };

const char* node90Name = "010_object_0056AD48_end";
float node90Transformation[16] = {1.000000f, 0.000000f, 0.000000f, 0.000000f, 0.000000f, 1.000000f, 0.000000f, 1.000000f, 0.000000f, 0.000000f, 1.000000f, 0.000000f, 0.000000f, 0.000000f, 0.000000f, 1.000000f};

const char* node91Name = "011_object_00569E20001";
float node91Transformation[16] = {1.000000f, 0.000000f, 0.000000f, 0.242948f, 0.000000f, 1.000000f, 0.000000f, 0.000000f, 0.000000f, 0.000000f, 1.000000f, 0.797976f, 0.000000f, 0.000000f, 0.000000f, 1.000000f};
int node91ChildIndices[1] = {92, };

const char* node92Name = "012_object_00569DEC001";
float node92Transformation[16] = {-0.942797f, 0.000000f, -0.333367f, 0.000000f, 0.000000f, 1.000000f, 0.000000f, 0.000000f, 0.333367f, 0.000000f, -0.942797f, 0.000000f, 0.000000f, 0.000000f, 0.000000f, 1.000000f};
int node92ChildIndices[4] = {93, 95, 101, 107, };

const char* node93Name = "013_object_00569DB8001";
float node93Transformation[16] = {1.000000f, 0.000000f, 0.000000f, 2.046586f, 0.000000f, 1.000000f, 0.000000f, 0.000000f, 0.000000f, 0.000000f, 1.000000f, 0.000000f, 0.000000f, 0.000000f, 0.000000f, 1.000000f};
int node93ChildIndices[1] = {94, };

const char* node94Name = "013_object_00569DB8_end";
float node94Transformation[16] = {1.000000f, 0.000000f, 0.000000f, 0.000000f, 0.000000f, 1.000000f, 0.000000f, 1.000000f, 0.000000f, 0.000000f, 1.000000f, 0.000000f, 0.000000f, 0.000000f, 0.000000f, 1.000000f};

const char* node95Name = "014_object_00569D84001";
float node95Transformation[16] = {-1.000000f, 0.000000f, -0.000479f, 0.853333f, 0.000000f, 1.000000f, 0.000000f, 0.057000f, 0.000479f, 0.000000f, -1.000000f, -1.615531f, 0.000000f, 0.000000f, 0.000000f, 1.000000f};
int node95ChildIndices[1] = {96, };

const char* node96Name = "015_object_00569D50001";
float node96Transformation[16] = {-0.965188f, 0.251823f, 0.070696f, 0.000000f, 0.252454f, 0.967609f, 0.000000f, 0.000000f, -0.068406f, 0.017847f, -0.997498f, 0.000000f, 0.000000f, 0.000000f, 0.000000f, 1.000000f};
int node96ChildIndices[2] = {97, 99, };

const char* node97Name = "016_object_00569D1C001";
float node97Transformation[16] = {1.000000f, 0.000000f, 0.000000f, 1.669569f, 0.000000f, 1.000000f, 0.000000f, 0.000000f, 0.000000f, 0.000000f, 1.000000f, -0.000000f, 0.000000f, 0.000000f, 0.000000f, 1.000000f};
int node97ChildIndices[1] = {98, };

const char* node98Name = "016_object_00569D1C_end";
float node98Transformation[16] = {1.000000f, 0.000000f, 0.000000f, 0.000000f, 0.000000f, 1.000000f, 0.000000f, 1.000000f, 0.000000f, 0.000000f, 1.000000f, 0.000000f, 0.000000f, 0.000000f, 0.000000f, 1.000000f};

const char* node99Name = "017_object_00569CE8001";
float node99Transformation[16] = {0.999869f, 0.011497f, 0.011419f, -0.110204f, -0.011458f, 0.999928f, -0.003451f, -0.028694f, -0.011458f, 0.003320f, 0.999929f, -0.069062f, 0.000000f, 0.000000f, 0.000000f, 1.000000f};
int node99ChildIndices[1] = {100, };

const char* node100Name = "017_object_00569CE8_end";
float node100Transformation[16] = {1.000000f, 0.000000f, 0.000000f, 0.000000f, 0.000000f, 1.000000f, 0.000000f, 1.000000f, 0.000000f, 0.000000f, 1.000000f, 0.000000f, 0.000000f, 0.000000f, 0.000000f, 1.000000f};

const char* node101Name = "018_object_0056998C001";
float node101Transformation[16] = {-1.000000f, 0.000000f, -0.000479f, 0.853333f, 0.000000f, 1.000000f, 0.000000f, -0.057000f, 0.000479f, 0.000000f, -1.000000f, -1.615531f, 0.000000f, 0.000000f, 0.000000f, 1.000000f};
int node101ChildIndices[1] = {102, };

const char* node102Name = "019_object_00569958001";
float node102Transformation[16] = {-0.964868f, -0.253123f, 0.070409f, 0.000000f, -0.253753f, 0.967269f, 0.000000f, 0.000000f, -0.068105f, -0.017866f, -0.997518f, 0.000000f, 0.000000f, 0.000000f, 0.000000f, 1.000000f};
int node102ChildIndices[2] = {103, 105, };

const char* node103Name = "020_object_00569924001";
float node103Transformation[16] = {1.000000f, 0.000000f, 0.000000f, 1.669569f, 0.000000f, 1.000000f, 0.000000f, 0.000000f, 0.000000f, 0.000000f, 1.000000f, 0.000000f, 0.000000f, 0.000000f, 0.000000f, 1.000000f};
int node103ChildIndices[1] = {104, };

const char* node104Name = "020_object_00569924_end";
float node104Transformation[16] = {1.000000f, 0.000000f, 0.000000f, 0.000000f, 0.000000f, 1.000000f, 0.000000f, 1.000000f, 0.000000f, 0.000000f, 1.000000f, 0.000000f, 0.000000f, 0.000000f, 0.000000f, 1.000000f};

const char* node105Name = "021_object_005698F0001";
float node105Transformation[16] = {0.999763f, -0.018631f, 0.011245f, -0.111046f, 0.018503f, 0.999763f, 0.011456f, 0.025286f, -0.011456f, -0.011246f, 0.999871f, -0.069046f, 0.000000f, 0.000000f, 0.000000f, 1.000000f};
int node105ChildIndices[1] = {106, };

const char* node106Name = "021_object_005698F0_end";
float node106Transformation[16] = {1.000000f, 0.000000f, 0.000000f, 0.000000f, 0.000000f, 1.000000f, 0.000000f, 1.000000f, 0.000000f, 0.000000f, 1.000000f, 0.000000f, 0.000000f, 0.000000f, 0.000000f, 1.000000f};

const char* node107Name = "022_object_00569594001";
float node107Transformation[16] = {0.999998f, 0.000000f, -0.002013f, 0.096738f, 0.000000f, 1.000000f, 0.000000f, 0.000000f, 0.002013f, 0.000000f, 0.999998f, 0.176359f, 0.000000f, 0.000000f, 0.000000f, 1.000000f};
int node107ChildIndices[1] = {108, };

const char* node108Name = "023_object_00565C34001";
float node108Transformation[16] = {1.000000f, 0.000000f, 0.000000f, -0.000000f, 0.000000f, 1.000000f, 0.000000f, 0.000000f, 0.000000f, 0.000000f, 1.000000f, -0.180334f, 0.000000f, 0.000000f, 0.000000f, 1.000000f};
int node108ChildIndices[1] = {109, };

const char* node109Name = "023_object_00565C34_end";
float node109Transformation[16] = {1.000000f, 0.000000f, 0.000000f, 0.000000f, 0.000000f, 1.000000f, 0.000000f, 1.000000f, 0.000000f, 0.000000f, 1.000000f, 0.000000f, 0.000000f, 0.000000f, 0.000000f, 1.000000f};

const char* node110Name = "024_object_005655F0001";
float node110Transformation[16] = {1.000000f, 0.000000f, 0.000000f, -0.006634f, 0.000000f, 1.000000f, 0.000000f, 0.727404f, 0.000000f, 0.000000f, 1.000000f, 0.560127f, 0.000000f, 0.000000f, 0.000000f, 1.000000f};
int node110ChildIndices[1] = {111, };

const char* node111Name = "025_object_005655BC001";
float node111Transformation[16] = {0.840766f, -0.490013f, -0.230218f, 0.000000f, 0.503538f, 0.863973f, 0.000000f, 0.000000f, 0.198903f, -0.115924f, 0.973139f, 0.000000f, 0.000000f, 0.000000f, 0.000000f, 1.000000f};
int node111ChildIndices[2] = {112, 125, };

const char* node112Name = "026_object_00565588001";
float node112Transformation[16] = {0.940714f, -0.149882f, 0.304290f, 0.789624f, 0.157343f, 0.987544f, 0.000000f, 0.000001f, -0.300500f, 0.047878f, 0.952579f, -0.000000f, 0.000000f, 0.000000f, 0.000000f, 1.000000f};
int node112ChildIndices[2] = {113, 123, };

const char* node113Name = "027_object_00565554001";
float node113Transformation[16] = {0.918719f, -0.168775f, 0.357031f, 0.784034f, 0.180683f, 0.983541f, 0.000000f, -0.000000f, -0.351155f, 0.064509f, 0.934093f, 0.000000f, 0.000000f, 0.000000f, 0.000000f, 1.000000f};
int node113ChildIndices[3] = {114, 116, 118, };

const char* node114Name = "028_object_00565520001";
float node114Transformation[16] = {1.000000f, 0.000000f, 0.000000f, 0.809564f, 0.000000f, 1.000000f, 0.000000f, 0.000000f, 0.000000f, 0.000000f, 1.000000f, -0.000000f, 0.000000f, 0.000000f, 0.000000f, 1.000000f};
int node114ChildIndices[1] = {115, };

const char* node115Name = "028_object_00565520_end";
float node115Transformation[16] = {1.000000f, 0.000000f, 0.000000f, 0.000000f, 0.000000f, 1.000000f, 0.000000f, 1.000000f, 0.000000f, 0.000000f, 1.000000f, 0.000000f, 0.000000f, 0.000000f, 0.000000f, 1.000000f};

const char* node116Name = "029_object_005654EC001";
float node116Transformation[16] = {0.997266f, 0.073891f, 0.000000f, -0.004571f, -0.073891f, 0.997266f, -0.000000f, 0.004304f, -0.000000f, -0.000000f, 1.000000f, -0.000000f, 0.000000f, 0.000000f, 0.000000f, 1.000000f};
int node116ChildIndices[1] = {117, };

const char* node117Name = "029_object_005654EC_end";
float node117Transformation[16] = {1.000000f, 0.000000f, 0.000000f, 0.000000f, 0.000000f, 1.000000f, 0.000000f, 1.000000f, 0.000000f, 0.000000f, 1.000000f, 0.000000f, 0.000000f, 0.000000f, 0.000000f, 1.000000f};

const char* node118Name = "030_object_00564CD0001";
float node118Transformation[16] = {0.877591f, -0.000000f, 0.479410f, 0.803192f, 0.000000f, 1.000000f, 0.000000f, -0.049674f, -0.479410f, 0.000000f, 0.877591f, -0.000000f, 0.000000f, 0.000000f, 0.000000f, 1.000000f};
int node118ChildIndices[2] = {119, 121, };

const char* node119Name = "031_object_00564A78001";
float node119Transformation[16] = {1.000000f, 0.000000f, 0.000000f, 0.648491f, 0.000000f, 1.000000f, 0.000000f, 0.005228f, 0.000000f, 0.000000f, 1.000000f, -0.301480f, 0.000000f, 0.000000f, 0.000000f, 1.000000f};
int node119ChildIndices[1] = {120, };

const char* node120Name = "031_object_00564A78_end";
float node120Transformation[16] = {1.000000f, 0.000000f, 0.000000f, 0.000000f, 0.000000f, 1.000000f, 0.000000f, 1.000000f, 0.000000f, 0.000000f, 1.000000f, 0.000000f, 0.000000f, 0.000000f, 0.000000f, 1.000000f};

const char* node121Name = "032_object_005647B8001";
float node121Transformation[16] = {0.777612f, -0.628744f, -0.000000f, 1.033777f, 0.628744f, 0.777612f, -0.000000f, 0.161808f, 0.000000f, -0.000000f, 1.000000f, 0.033784f, 0.000000f, 0.000000f, 0.000000f, 1.000000f};
int node121ChildIndices[1] = {122, };

const char* node122Name = "032_object_005647B8_end";
float node122Transformation[16] = {1.000000f, 0.000000f, 0.000000f, 0.000000f, 0.000000f, 1.000000f, 0.000000f, 1.000000f, 0.000000f, 0.000000f, 1.000000f, 0.000000f, 0.000000f, 0.000000f, 0.000000f, 1.000000f};

const char* node123Name = "033_object_00563D0C001";
float node123Transformation[16] = {1.000000f, 0.000000f, 0.000000f, 0.000000f, 0.000000f, 1.000000f, 0.000000f, 0.000000f, 0.000000f, 0.000000f, 1.000000f, 0.000000f, 0.000000f, 0.000000f, 0.000000f, 1.000000f};
int node123ChildIndices[1] = {124, };

const char* node124Name = "033_object_00563D0C_end";
float node124Transformation[16] = {1.000000f, 0.000000f, 0.000000f, 0.000000f, 0.000000f, 1.000000f, 0.000000f, 1.000000f, 0.000000f, 0.000000f, 1.000000f, 0.000000f, 0.000000f, 0.000000f, 0.000000f, 1.000000f};

const char* node125Name = "034_object_00563B7C001";
float node125Transformation[16] = {1.000000f, 0.000000f, 0.000000f, 0.000000f, 0.000000f, 1.000000f, 0.000000f, 0.000000f, 0.000000f, 0.000000f, 1.000000f, 0.000000f, 0.000000f, 0.000000f, 0.000000f, 1.000000f};
int node125ChildIndices[1] = {126, };

const char* node126Name = "034_object_00563B7C_end";
float node126Transformation[16] = {1.000000f, 0.000000f, 0.000000f, 0.000000f, 0.000000f, 1.000000f, 0.000000f, 1.000000f, 0.000000f, 0.000000f, 1.000000f, 0.000000f, 0.000000f, 0.000000f, 0.000000f, 1.000000f};

const char* node127Name = "035_object_005639D0001";
float node127Transformation[16] = {1.000000f, 0.000000f, 0.000000f, -0.006634f, 0.000000f, 1.000000f, 0.000000f, -0.727404f, 0.000000f, 0.000000f, 1.000000f, 0.560127f, 0.000000f, 0.000000f, 0.000000f, 1.000000f};
int node127ChildIndices[1] = {128, };

const char* node128Name = "036_object_0056399C001";
float node128Transformation[16] = {0.879803f, 0.414672f, -0.232364f, 0.000000f, -0.426342f, 0.904562f, 0.000000f, 0.000000f, 0.210187f, 0.099066f, 0.972629f, 0.000000f, 0.000000f, 0.000000f, 0.000000f, 1.000000f};
int node128ChildIndices[2] = {129, 142, };

const char* node129Name = "037_object_00563968001";
float node129Transformation[16] = {0.913406f, 0.161108f, 0.373808f, 0.789624f, -0.173701f, 0.984798f, 0.000000f, -0.000000f, -0.368126f, -0.064931f, 0.927506f, 0.000000f, 0.000000f, 0.000000f, 0.000000f, 1.000000f};
int node129ChildIndices[2] = {130, 140, };

const char* node130Name = "038_object_00563934001";
float node130Transformation[16] = {0.922685f, 0.128110f, 0.363649f, 0.784034f, -0.137525f, 0.990498f, -0.000000f, 0.000000f, -0.360194f, -0.050011f, 0.931536f, 0.000000f, 0.000000f, 0.000000f, 0.000000f, 1.000000f};
int node130ChildIndices[3] = {131, 133, 135, };

const char* node131Name = "039_object_00563900001";
float node131Transformation[16] = {1.000000f, 0.000000f, 0.000000f, 0.809565f, 0.000000f, 1.000000f, 0.000000f, 0.000000f, 0.000000f, 0.000000f, 1.000000f, 0.000000f, 0.000000f, 0.000000f, 0.000000f, 1.000000f};
int node131ChildIndices[1] = {132, };

